0,000000	0,008003	0,293171
10,000000	0,019869	0,292828
20,000000	0,032079	0,292715
30,000000	0,044380	0,292594
40,000000	0,056525	0,292488
50,000000	0,068813	0,292403
60,000000	0,081156	0,292404
70,000000	0,093345	0,292365
80,000000	0,105674	0,292302
90,000000	0,117928	0,292275
100,000000	0,130191	0,292211
110,000000	0,142541	0,292166
120,000000	0,154752	0,292126
130,000000	0,167120	0,292131
140,000000	0,179550	0,292065
150,000000	0,191798	0,292065
160,000000	0,204142	0,292061
170,000000	0,216375	0,292087
180,000000	0,228706	0,292046
190,000000	0,241084	0,291998
200,000000	0,253299	0,292036
210,000000	0,265625	0,292020
220,000000	0,278003	0,292045
230,000000	0,290183	0,292063
240,000000	0,302575	0,292130
250,000000	0,314868	0,292298
260,000000	0,321092	0,292418
