0,000000	0,008309	0,313684
10,000000	0,021034	0,313349
20,000000	0,034122	0,313216
30,000000	0,047288	0,313065
40,000000	0,060304	0,313026
50,000000	0,073455	0,312879
60,000000	0,086673	0,312898
70,000000	0,099714	0,312741
80,000000	0,112924	0,312754
90,000000	0,126047	0,312680
100,000000	0,139171	0,312681
110,000000	0,152390	0,312637
120,000000	0,165472	0,312615
130,000000	0,178719	0,312534
140,000000	0,192048	0,312576
150,000000	0,205140	0,312557
160,000000	0,218331	0,312534
170,000000	0,231474	0,312516
180,000000	0,244630	0,312478
190,000000	0,257942	0,312500
200,000000	0,271023	0,312521
210,000000	0,284218	0,312514
220,000000	0,297486	0,312558
230,000000	0,310522	0,312532
240,000000	0,323788	0,312627
250,000000	0,336975	0,312735
260,000000	0,343616	0,312909
