0,000000	0,008628	0,334389
10,000000	0,022226	0,334040
20,000000	0,036194	0,333920
30,000000	0,050244	0,333800
40,000000	0,064134	0,333721
50,000000	0,078187	0,333641
60,000000	0,092276	0,333597
70,000000	0,106208	0,333531
80,000000	0,120253	0,333457
90,000000	0,134264	0,333381
100,000000	0,148272	0,333362
110,000000	0,162369	0,333370
120,000000	0,176357	0,333360
130,000000	0,190461	0,333285
140,000000	0,204671	0,333299
150,000000	0,218611	0,333234
160,000000	0,232746	0,333262
170,000000	0,246728	0,333218
180,000000	0,260773	0,333184
190,000000	0,274897	0,333188
200,000000	0,288850	0,333177
210,000000	0,302968	0,333189
220,000000	0,317084	0,333193
230,000000	0,331023	0,333224
240,000000	0,345138	0,333276
250,000000	0,359243	0,333448
260,000000	0,366330	0,333529
