0,000000	0,008917	0,354840
10,000000	0,023375	0,354455
20,000000	0,038212	0,354272
30,000000	0,053133	0,354165
40,000000	0,067876	0,354032
50,000000	0,082798	0,354031
60,000000	0,097762	0,353954
70,000000	0,112545	0,353885
80,000000	0,127487	0,353840
90,000000	0,142358	0,353832
100,000000	0,157168	0,353715
110,000000	0,172166	0,353678
120,000000	0,186980	0,353675
130,000000	0,201998	0,353614
140,000000	0,217044	0,353578
150,000000	0,231872	0,353549
160,000000	0,246821	0,353567
170,000000	0,261688	0,353537
180,000000	0,276605	0,353516
190,000000	0,291584	0,353480
200,000000	0,306496	0,353581
210,000000	0,321402	0,353530
220,000000	0,336461	0,353606
230,000000	0,351229	0,353605
240,000000	0,366254	0,353686
250,000000	0,381185	0,353786
260,000000	0,388602	0,353884
