0,000000	0,009189	0,375498
10,000000	0,024523	0,375133
20,000000	0,040234	0,374911
30,000000	0,056047	0,374853
40,000000	0,071676	0,374796
50,000000	0,087466	0,374732
60,000000	0,103302	0,374655
70,000000	0,118984	0,374585
80,000000	0,134803	0,374553
90,000000	0,150545	0,374482
100,000000	0,166303	0,374516
110,000000	0,182139	0,374399
120,000000	0,197844	0,374390
130,000000	0,213702	0,374341
140,000000	0,229627	0,374307
150,000000	0,245366	0,374373
160,000000	0,261217	0,374256
170,000000	0,276973	0,374295
180,000000	0,292735	0,374266
190,000000	0,308643	0,374178
200,000000	0,324317	0,374184
210,000000	0,340139	0,374241
220,000000	0,356022	0,374230
230,000000	0,371748	0,374278
240,000000	0,387586	0,374286
250,000000	0,403425	0,374393
260,000000	0,411358	0,374566
