0,000000	0,009420	0,395874
10,000000	0,025618	0,395538
20,000000	0,042205	0,395366
30,000000	0,058889	0,395210
40,000000	0,075369	0,395168
50,000000	0,092034	0,395094
60,000000	0,108734	0,394935
70,000000	0,125274	0,394998
80,000000	0,141960	0,394879
90,000000	0,158579	0,394884
100,000000	0,175190	0,394865
110,000000	0,191920	0,394770
120,000000	0,208503	0,394768
130,000000	0,225203	0,394660
140,000000	0,242045	0,394670
150,000000	0,258594	0,394663
160,000000	0,275337	0,394608
170,000000	0,291907	0,394615
180,000000	0,308603	0,394588
190,000000	0,325337	0,394598
200,000000	0,341902	0,394513
210,000000	0,358592	0,394577
220,000000	0,375345	0,394529
230,000000	0,391898	0,394617
240,000000	0,408740	0,394664
250,000000	0,425293	0,394744
260,000000	0,433694	0,394880
