0,000000	0,009680	0,416580
10,000000	0,026751	0,416149
20,000000	0,044221	0,416023
30,000000	0,061801	0,415933
40,000000	0,079157	0,415862
50,000000	0,096706	0,415783
60,000000	0,114291	0,415740
70,000000	0,131698	0,415656
80,000000	0,149281	0,415628
90,000000	0,166763	0,415584
100,000000	0,184260	0,415530
110,000000	0,201833	0,415451
120,000000	0,219286	0,415432
130,000000	0,236927	0,415406
140,000000	0,254630	0,415334
150,000000	0,272032	0,415308
160,000000	0,289674	0,415299
170,000000	0,307147	0,415294
180,000000	0,324674	0,415306
190,000000	0,342369	0,415274
200,000000	0,359839	0,415285
210,000000	0,377414	0,415246
220,000000	0,395113	0,415342
230,000000	0,412474	0,415368
240,000000	0,430171	0,415397
250,000000	0,447632	0,415408
260,000000	0,456497	0,415552
